-1 0.034 0.077 0.063 0.042 1
0.034 -1 0.033 0.5 0.059 0.056
0.077 0.033 -1 0.14 0.034 0.026
0.063 0.5 0.14 -1 0.5 0.13
0.042 0.059 0.034 0.5 -1 0.031
1 0.056 0.026 0.13 0.031 -1